function mpc = case68
%% CASE68: Power flow data for 68 bus New England/New York system.
% Please see CASEFORMAT for details on the case file format.
%
% This is the data file for the 68-Bus Benchmark system with 16-machines
% and 86-lines. The data is partially taken from [1] with some of the 
% parameters modified to account for a more realistic model [2]. 
% This MATPOWER based data has been prepared by Sebastian Martinez from 
% Prof. Pulgar's research team at the University of Tennessee, Knoxville.
% 
% Last update: July, 2023.
%
%   References:
%   [1] Pal, Bikash, and Balarko Chaudhuri. Robust control in power 
%       systems. Springer Science & Business Media, 2006.
%   [2] Singh, A. K. and Pal, B. C. (2013) Report on the 68-bus, 
%       16-machine, 5-area system. Technical Report. IEEE Power and 
%       Energy Society Task Force on Benchmark Systems for Stability 
%       Controls.

%% MATPOWER Case Format : Version 2
mpc.version = '2';

%%-----  Power Flow Data  -----%%
%% system MVA base
mpc.baseMVA = 100;

%% bus data
%	bus_i	type    Pd      Qd      Gs	Bs	area   Vm       Va      baseKV	zone	Vmax	Vmin
mpc.bus = [
	1       2       0       0       0	0	1      1.045	0.00	345     1	1.06	0.94;
	2       2       0       0       0	0	1      0.980	0.00	345     1	1.06	0.94;
	3       2       0       0       0	0	1      0.983	0.00	345     1	1.06	0.94;
	4       2       0       0       0	0	1      0.997    0.00	345     1	1.06	0.94;
	5       2       0       0       0	0	1      1.011	0.00	345     1	1.06	0.94;
	6       2       0       0       0	0	1      1.050	0.00	345     1	1.06	0.94;
	7       2       0       0       0	0	1      1.063	0.00	345     1	1.06	0.94;
	8       2       0       0       0	0	1      1.030	0.00	345     1	1.06	0.94;
	9       2       0       0       0	0	1      1.025	0.00	345     1	1.06	0.94;
	10      2       0       0       0	0	2      1.010	0.00	345     1	1.06	0.94;
	11      2       0       0       0	0	2      1.000	0.00	345     1	1.06	0.94;
	12      2       0       0       0	0	2      1.0156	0.00	345     1	1.06	0.94;
	13      2       0       0       0	0	2      1.011	0.00	345     1	1.06	0.94;
	14      2       0       0       0	0	3      1.000	0.00	345     1	1.06	0.94;
	15      2       0       0       0	0	4      1.000	0.00	345     1	1.06	0.94;
	16      3       0       0   	0	0	5      1.000	0.00	345     1	1.06	0.94;
	17      1       6000    300     0	0	2      1.00 	0.00	345     1	1.06	0.94;
	18      1       2470    123     0	0	5      1.00 	0.00	345     1	1.06	0.94;
	19      1       0       0       0	0	1      1.00 	0.00	345     1	1.06	0.94;
	20      1       680     103     0	0	1      1.00 	0.00	345     1	1.06	0.94;
	21      1       274     115     0	0	1      1.00 	0.00	345     1	1.06	0.94;
	22      1       0       0       0	0	1      1.00 	0.00	345     1	1.06	0.94;
	23      1       248 	85  	0	0	1      1.00 	0.00	345     1	1.06	0.94;
	24      1       309    -92  	0	0   1      1.00 	0.00	345     1	1.06	0.94;
	25      1       224     47  	0	0	1      1.00 	0.00	345     1	1.06	0.94;
	26      1       139     17      0	0	1      1.00 	0.00	345     1	1.06	0.94;
	27      1       281     76  	0	0	1      1.00 	0.00	345     1	1.06	0.94;
	28      1       206     28  	0	0	1      1.00 	0.00	345     1	1.06	0.94;
	29      1       284 	27  	0	0	1      1.00 	0.00	345     1	1.06	0.94;
	30      1       0       0       0	0	2      1.00     0.00	345     1	1.06	0.94;
	31      1       0       0       0	0	2      1.00     0.00    345     1	1.06	0.94;
	32      1       0       0       0	0	2      1.00     0.00	345     1	1.06	0.94;
	33      1       112     0       0	0   2      1.00     0.00	345     1	1.06	0.94;
	34      1       0       0       0	0	2      1.00     0.00	345     1	1.06	0.94;
	35      1       0       0       0	0	2      1.00     0.00	345     1	1.06	0.94;
	36      1       102    -19.46   0	0	2      1.00     0.00	345     1	1.06	0.94;
	37      1       0       0       0	0	1      1.00     0.00	345     1	1.06	0.94;
	38      1       0       0       0	0	2      1.00     0.00	345     1	1.06	0.94;
	39      1       267 	12.6    0	0	2      1.00     0.00	345     1	1.06	0.94;
    40      1       65.63   23.53   0   0   2      1.00     0.00    345     1	1.06	0.94;
    41      1       1000    250     0   0   3      1.00     0.00    345     1	1.06	0.94;
    42      1       1150    250     0   0   4      1.00     0.00    345     1	1.06	0.94;
    43      1       0       0       0   0   2      1.00     0.00    345     1	1.06	0.94;
    44      1       267.55  4.84    0   0   2      1.00     0.00    345     1	1.06	0.94;
    45      1       208     21      0   0   2      1.00     0.00    345     1	1.06	0.94;
    46      1       150.7   28.5    0   0   2      1.00     0.00    345     1	1.06	0.94;
    47      1       203.12  32.59   0   0   2      1.00     0.00    345     1	1.06	0.94;
    48      1       241.20  2.2     0   0   2      1.00     0.00    345     1	1.06	0.94;
    49      1       164     29      0   0   2      1.00     0.00    345     1	1.06	0.94; 
    50      1       100    -147     0   0   2      1.00     0.00    345     1	1.06	0.94;
    51      1       337    -122     0   0   2      1.00     0.00    345     1	1.06	0.94;
    52      1       158     30      0   0   1      1.00     0.00    345     1	1.06	0.94;
    53      1       252.7   118.56  0   0   2      1.00     0.00    345     1	1.06	0.94;
    54      1       0       0       0   0   1      1.00     0.00    345     1	1.06	0.94; 
    55      1       322     2.0     0   0   1      1.00     0.00    345     1	1.06	0.94;
    56      1       200     73.6    0   0   1      1.00     0.00    345     1	1.06	0.94;
    57      1       0       0       0   0   1      1.00     0.00    345     1	1.06	0.94;
    58      1       0       0       0   0   1      1.00     0.00    345     1	1.06	0.94;
    59      1       234     84      0   0   1      1.00     0.00    345     1	1.06	0.94;
    60      1       208.8   70.8    0   0   1      1.00     0.00    345     1	1.06	0.94; 
    61      1       104     125     0   0   2      1.00     0.00    345     1	1.06	0.94;
    62      1       0       0       0   0   1      1.00     0.00    345     1	1.06	0.94;
    63      1       0       0       0   0   1      1.00     0.00    345     1	1.06	0.94;
    64      1       9.0     88      0   0   1      1.00     0.00    345     1	1.06	0.94;
    65      1       0       0       0   0   1      1.00     0.00    345     1	1.06	0.94;
    66      1       0       0       0   0   1      1.00     0.00    345     1	1.06	0.94;
    67      1       320     153     0   0   1      1.00     0.00    345     1	1.06	0.94;
    68      1       329     32      0   0   1      1.00     0.00    345     1	1.06	0.94
];

%% generator data
%	bus	 Pg       Qg       Qmax     Qmin      Vg        mBase	status	Pmax	Pmin	Pc1	Pc2	Qc1min	Qc1max	Qc2min	Qc2max	ramp_agc	ramp_10	ramp_30	ramp_q	apf
